20240001 | 1000001 | 1733905016 | 1736497016
20240002 | 1000002 | 1733991416 | 1736583416
20240003 | 1000003 | 1734077816 | 1736756216
20240004 | 1000004 | 1734164216 | 1736756216
20240005 | 1000005 | 1734250616 | 1736842616
20240006 | 1000006 | 1734337016 | 1736929016
20240007 | 1000007 | 1734423416 | 1737015416
20240008 | 1000008 | 1734509816 | 1737101816
20240009 | 1000009 | 1734596216 | 1737188216
20240010 | 1000010 | 1734682616 | 1737361016
20240011 | 1000011 | 1734769016 | 1737361016
20240012 | 1000012 | 1734855416 | 1737447416
20240013 | 1000013 | 1734941816 | 1737533816
20240014 | 1000014 | 1735028216 | 1737620216
20240015 | 1000015 | 1735114616 | 1737706616
20240016 | 1000016 | 1735201016 | 1737793016
20240017 | 1000017 | 1735287416 | 1737965816
20240018 | 1000018 | 1735373816 | 1737965816
20240019 | 1000019 | 1735460216 | 1738052216
20240020 | 1000020 | 1735546616 | 1738138616
20240021 | 1000021 | 1735633016 | 1738225016
20240022 | 1000022 | 1735719416 | 1738311416
20240023 | 1000023 | 1735805816 | 1738397816
20240024 | 1000024 | 1735892216 | 1738570616
20240025 | 1000025 | 1735978616 | 1738570616
20240026 | 1000026 | 1736065016 | 1738657016
20240027 | 1000027 | 1736151416 | 1738743416
20240028 | 1000028 | 1736237816 | 1738829816
20240029 | 1000029 | 1736324216 | 1738916216
20240030 | 1000030 | 1736410616 | 1739002616